0010000100101110100001010
1100111010001000010110101
0101110011000001001110111
1110101010011010000101110
0111110011000010000100111
1110111010011010001101111
0100001010111000110110001
1110101010011000010111101
1100111010011010001101110
1100111010011010000101111
1010111100001010010100101
0111110001010000000100111
0111100001010001001100111
1100001010001000010100111
1100101000000010000100110
1010011100101110000100111
1110110000001010000100111
0101100001001011000100110
1110101010001010000100111
1110111010001010000100111
0111100001000010000101110
0000101110011100010010101
1100111000001010000101101
1110111001000010000101110
0111110011000001001100110
1110111000000011000101111
1010101110011000010111101
1000001010001000000110101
0111110001001011000100111
0101110011000011000100111
1110111000011000000100111
1110111000101010000110101
0111100001010001001101110
1100001010111000010100111
0111110011000011001101111
1111111000001010000000011
1110101000000010000100111
1100001010111000010110101
1100111010001010000100111
0010011100001010000110011
1110111000011010000100101
1110111000011000000110101
0111100001000011001101111
1100101010001010000100101
1010011100101110100000111
1100101010001000000110111
1110101000001010000100110
1010011100001010000110111
1110111000000011001100110
1110111010000010000101110
1100111000001010000111101
1100111000001010001101111
1110111000001010100100111
1110101000000000011101110
0101111000001010000101111
1110111000011000000100101
1110111000000011001101110
1110101000000010001101111
1100101010001000010100101
0111100001000001011101110
1110111000001010000001010
1000101110011100010110001
0111100001000010000100111
0111100001000011000100111
1000101110011000010110101
1111111000001010000100011
1110111000011000010110101
1110111010001011000100110
1100110000001010000101111
1110101000011000000100111
1110110000001010000101110
1100101010001000010111110
1100101010011010010100101
1110111000001000010100101
1000001010011000010110101
1100101010011010010101100
1100101010000010000100111
1011011101100111100000011
1110111001000011001101110
1000111100001010000101101
1110101000001010000101100
1100111000011000000100111
1110101000001000000101110
1100111000001010000100111
0111110011000011000100111
1000101110011000110010101
1010111000101010000100111
1110101000000011001101110
1110101000001010010101100
1010011100101110100100111
0111110001000011000100110
1100101000011000000100111
1000001110011000010110101
1100111010001010000100110
1100111010001010000101111
1010101010011000010101101
0011000001010011011101100
0111110001010011001100111
1110101010001011000100111
0111110011000011001101110
1100101010011010000100110
0111110011000001000100111
0111111001000010000100111
1010011000001010010100101
1100101010011000010110101
1110111000001000000110111
0111111001000011001100111
1100101010011010000100111
0101100011000001001110101
1011011101101111100000011
0101100000001010000100110
0111110001011001000100111
1110001010011000010101101
1110101010001000000101111
1110111000001000010110111
0111110000001010000100111
1110101000001000010101100
0111111000001010100100111
1100101110011000010110111
1110101000001010000100111
0111100001000011001100111
1010011000101010000100111
1100111010011010000101100
1110101010011000000101111
1110101010001000010101111
1110111010011010001101110
1110111000001000010100111
0101100001000011001101110
0101100001010001001100111
0110111000001010000000111
1010111000001010000101100
1010111000001010000100111
0101110011000010000100111
1110111000001000010110101
1100111010011010000100110
1100001010011000010100111
0111111001001010000100111
1110101000001011000100110
0101100011000011011100111
1010111000001010000100101
0000101110011000010110001
0111110001010001000100111
1000101110011100010110101
0111111000001010000100111
1100101000001000000101110
0111100000001010000100111
1100101000001011000100110
1110111000011010000110101
1100101000001010001101111
1010011100001010000100111
0101110011000011001100111
1000111000001010000101101
1100101000001000010101111
1110101010011010001101110
1110111000000011001101111
1100101000001010000100111
0101110011000011001101110
1010101110011000010101101
1110111000001110000000111
0000000100100110101001011
1100111010011000000111110
0101100001000011001100110
0111111000000011000100111
1100001010011000010110101
1110101000001010000101110
1110111000001010000110111
1110111010001000000100111
1110011000101010000100111
1000101110011000010010101
1100111010001000000110111
1100101000001010001100110
1000101010001000000110101
1110101010011000010111111
1100101000001000000100111
1110101010011000000111111
1100101010001010001101110
1000101010001010010110101
1110001000001000010101100
1100101000000011000100110
1110111000001010001101111
1100001010011000010100101
1110111010000011000100111
1100111000001000000101111
1100111010001000000101111
1110111010011000000100111
0111100010001010000100111
1010011000001010000100111
1000001010111000010110101
1100101010011000010111110
1100101000001011000100111
1010101000001110000101100
1110101010001010010100111
1010111000001000000101100
1110111000001011000100110
1110111000011010000101110
1100111010011010000111110
1100111000011000000101111
1110100000001010000101110
0101100001001010000100110
1100101010001000010110111
1110111000001011000100111
1110111000001010000000111
1110111010011010000100101
1000101110011000000100101
1100111000001010001101110
0100101010111000010110001
0100101010011000010110001
1100101000000011001101111
0010000100100110101001010
1110111000001010000101110
1000101110111000010100101
1110101000001010000101111
0111011000001010100100111
1110111010001011000100111
1110110001001010000100111
1110111000001010000111110
0111111000001011000100111
1010101000001010000101100
1100101010001010010110111
1110111000011010010100101
1110111010001010000101111
1100101010011000000110111
1110101000001000010100111
1100101010011000010110001
1110111000001000000110101
1000101010011000010010001
1110111010000010000100111
1110111000001000010101110
0111110001001011001100111
1110111010011010001100110
1100101010001010000100110
1110101010011000000100111
0111101000001010000101110
1100101010001000000111100
0111110001000011001100110
0101100011000011000100111
0111100001010010000100111
1110111000000010001100111
1100101010011010000110101
1100101010001000000100111
0010111000101110000100011
1110101000001010001101111
0111110011001011001100111
1000101010011000010111100
0111110011001011000100110
1100001010111000110110001
0111100001010011001101110
1110101010011000010101101
1010011000001000010100101
1110111001000011001100111
1010111000011000000100101
1100101010111000010110001
1011011101101110100000011
1110101000011010000101110
1110110011000011000100111
1100111010011000010111100
1110011000001000010100111
1010101000001000010101100
1110111000001110100100111
0101110011010011001101110
1110111100001110000100111
1000101010011000000100101
0111110011000001001110100
1110111000000011000100110
1100001010011000010110001
1110111010011000010110100
0110111000001110000100111
1100111000011010000100110
1011011100101110100100111
1010111000001110000100101
1110111010010010000100111
1100101010111010000110101
0101001010111000110110001
0101100001000011001100111
1000101010111000010110101
1110111000001010001100110
1110101000011010001101110
1100111000001010000111111
0111110011010011001100111
1100111010011010000101110
0111100001010011011101100
0111110001001010000100111
1110101000001011001101110
1100001000001000010100111
1000101000001010000100100
1100111000001000000101110
1100111010011000010111110
1100101010011000010010001
1111111000001010000100111
1100101010001010000110101
0111110011010010000100111
1100100000001010000100110
1110111000000010000100110
1110111010001010000101110
1110111000011010000110111
1110111000000011000100011
1100101000001000010110111
1110111000001010001100111
0000101010011000010010101
0111110011010011000100111
1100101000000010001101111
1110111000000010001101111
1110111010001000000101110
0111101010001010000100111
1100101010001000010100111
0111100001010011011101110
0111100011000011000100111
1110101000001000000111110
1100111010001010001101110
1110111000001011001101111
1110011100001010000100111
1100101010001000000101110
1100111010001000000111110
1100101000001000011100110
1100101000011000000100110
1110101000001010000111110
1110111010011010000101110
0111111001000011000100111
1110111000001011000101111
1000101110011100010010101
1100101010011000010100111
1110011000001010000110101
1100101010001000000111110
0111101000001010000100111
1100111000011010000101111
1110101000001000000111100
1100101010011000000110101
1100111010011000000101110
1110111010001010001100110
1110111010001010001101111
1110111000101010000110111
1010101010011000010111101
1110111001000010000100111
1110101000011010000100110
1110111010011010000110101
1110111010011010000101100
1100001010111000010100101
1110111001001010000100110
1100111010001000000100110
1110111000011000010100111
1011011101111101100000011
0111100011000011001100111
1100001010111000010110001
1110101000011010000101111
1110111000001000000111110
1100101000001000010100110
0110111000001110000100011
1010111000001000010100101
0101110011000001001111100
0111100001010011001100111
1110111000011010000101100
1110111000001010100100011
1110101010001010000100110
0111110011001010000100111
1110111000011010010100111
1100101010001000010110101
1110111000001010000100111
0111110001000011000100111
0000101110011100010110101
0101100011000001001110111
1010001000001010000101100
1100101010011000010110111
1010101100001010000100101
1010011000001010000110111
1010011000001010000100101
1110101000011010000100111
1100111010000010000100111
0010111000001110000100101
0101110011001010000100110
1110101011001010000100111
1110101000001000000101100
0111110011000011000100110
1100111010011010000100111
0000101111010100010010101
1100111000000010001101111
0111100011001010000100111
0101100001000001011100110
1110101000001010001101110
1110111000000011000101110
0111110001010011011100111
1110011000001010000100101
1110111000001010000100011
0111100001001010000101110
1110101010001000000101110
1100101010011000000100111
1100001000001000010110101
1000101110011000010101100
1110101000001010010101110
1110111000001010000101111
0101110011000001001111110
1110101010001010001101110
1010011000001010010100111
1010111100001010000100111
1110001000001000010101110
1110111010001000000100110
1100101001001010000100110
1110110001000010000100111
1110111000001000000101110
0111110001010001001100111
1100101010011000000111110
0010011101100110100000011
1110101000001000010111100
1110101000011000001101110
1110101000001000011101110
1110111010111010000110101
1110101000001010000001110
1100101010001000000110101
1100101010011000010111100
1100101010001000010101110
1100101000001010000101111
1110111000011000010110111
1110101000011000000101110
0111110011000011001100111
1110111001000011000100111
1010011100101010000100111
1110100000001010001101111
1110110010001010000101110
1110111001001010000000011
1110101010001000000100111
1110101100001010000101110
1010111000001010000110111
1110101000000010000100110
1110111010001010001101110
1110111000001000010101100
1110101000000010000101111
1100101000001000000111110
1110111001001010000100111
1110101000001010000101010
1100101010011000010101110
1000101110001000010110101
1110011000001010100100111
1010101100001000010101100
1001101110011100010010101
1010011000001010000101100
1100101010000010000101111
1100111010001000000100111
1010001000001010000101110
1110101000000011001101111
1110111000001010000100101
1110111010011010000100110
0000101111011100010010101
1110111000000011001100111
1000111010011000000101100
1100111000001010000100110
1110001000001010000101100
0111110001000010000100111
1011011101100110100000011
1110101010001010000101110
1100101010001010000101110
1110111000001010000100110
1110111010011000010110110
1100111000001010001111110
1110001000001010000101110
1100101010011000110110001
1100101000011010000100111
1110111000001000000101100
0111111000001010000100011
1100101000001010000101110
1110111000011000000101110
1110111000101010000100111
1100101010011000010100101
1110111000001010000110101
1010001000001000000111100
1100001010111000010111100
0111100001001010000100111
0101100001000011000100110
1110101010011010000101111
1110111000010001000100111
1110111000001010000000011
1100101000011010000100110
1110111010011010000100111
1000001010011000010100101
1110111000001000010111100
1100101010001011000100111
1110101000001010100101110
1100101000001000010100111
1110101010001010000101111
1110111000001000000100111
1110111000001010001101110
1000101010011000010100101
1100101010001010000101111
1100111010000010001101110
0010011100101110000100011
1000111110011000010111100
1100101010011000110110101
1100101000000010000101111
1110011000001010010100101
0101100001000011000100111
1110110001000011000100111
0101100001000011001101111
0111110011000011001100110
1100101000001000010110101
1110111000001010010100111
1011011100101110100000011
1110111010001010000100110
1100101010001010010100111
1100101010010010000100110
0111100001000011011100111
0110111000001010000000011
0111111000000010000100111
1110111000010000000100111
0111110011000001001110110
0111111000001010000000111
1000101100001010000100100
1010001000001000010101100
1110111000001010000101100
0111100001000011001101110
1110101000000010001101110
1110111000011010000101111
1100101010111000010110101
1100111000001010000101110
1000001010011000000110101
1100001010111000110110101
1000001010011010010100101
0110111000001010000100111
1010111000011000000100111
1110111100001010000100111
0111110001000010001101111
1010111100001010000101100
0110111000001010000100011
1100101110011000010110101
1110101000001000000101111
1100111000011000000101110
1100101000001000010101110
1110101000001000011101100
1110111000011010000100110
0101001010111000110110101
1000111010011000010111100
1110101010011010000100111
1100111000000010000101111
1100101000000010000100111
1100101000011000000101110
0100001010011000010110001
1100111000011010000101110
1110111000011000000110111
0111100011000010000100111
1010111000001010000110101
1010111000001000010100111
1100111010000010000100110
1110111000001011001100111
1000101110001000010100101
1110111000000010000100111
1100101000001010000100110
1000101010011000010010101
1100001010011010000110101
1110101010001000000111111
1100101010011010000101111
1110101000001000010101110
1010111100011010000100101
0010011100101110100000011
1010111100001010000100101
0101100001010001000100111
1000101110011000010111100
1100101000001000011101110
1110101010000010000100111
1100101010001010000110111
1000101010011000010110101
1110111000000010000101111
1000101110011000010100101
1110111000011001000100111
1110101010011000010101111
0111110001000011001100111
1110101000011000000100110
1100101010011010000101110
1100111010001010000101110
0010010100100110101001011
1110101000001010010111110
1010011100101110100000011
1100101000001010001100111
1100101000001010001101110
0101110011000001001101110
1100111010001000001111110
1010001000001000011101100
0101100011000011001100111
1100101000000011001100110
1110111000001011001101110
1110111000001010000111100
1100101110111000010110101
1110111000011010000100111
1110111000001010010100101
1100101010001010000100111
1100101010011000000100101
1110110000001010000100110
1010011100101010000100101
1100111010001000000101110
1100111010001000000110110
1110111010011010000110111
1110111000001000000100101
0001000011000001001110101
1110111000001110000100111
0000101110011100010110001
1110101000001010000001010
0111110001000011001101111
1100111000001010000101111
1110111000001010010110111
1100111011001010000100110
0111100000001010000101110
1100101010101000000110101
1110110000000010000100111
0000000100100110101000010
1110111000000010000101110
1110111010011000000101110
1110111010000010001101111
0111100001001010000100110
0111100001000011001100110
1110111000001010100000111
1110111100101010000100111
1100101010011010000110111
1100101010010000010110101
0010010100101110100000011
0110111001000010000100111
1110101000001000010101111
1110111000000011000100111
1000101110001010000100101
1110111010011010000101111
0010000100100110100001011
0101100001010001001100110
0010010100100110100000011
1010101100001010000101100
1100001010011000000100101
1110111000001010010101100
1110111000011000010100101
1110111010011011000100111
1110101000001010000111100
1100101000001000000100101
1110101000001000000100111
0000101010011000010110001
1110111010011010000111100
1000111110011000000101100
1110111000011000000101111
0111110001000011001101110
1000101110011010000100101
1110011000001010000100111
0110111000001010100100111
1110101000001000010111110
1110111000000010001101110
1110101000000010000101110
